166 3
0 1.0865596443006567 -2.015733119467155 -1.16531733127683 -2.892888524385657 -1.4826735099892083 -4.773385409103767 -4.178794667894961 0.029424430956413117 3.155232496443481 -3.933300737540053 0.944754512322632 2.1920855614180454 -0.5295853522450626 -2.516465257369978 -0.7243250389887987 -1.2629870890253345 -0.5179362960267788 -0.8348482996380521 -2.1705781758133558 -0.5840664288128367 -2.255409016372756 3.8836040463871218 -4.780793721490067 -4.805626962800996 -3.6110716220351824 0.19025935650770487 1.241691625703822 1.6907941591129356 3.244792013070904 1.42350488098859 -2.2482730433317775 1.610333737398343 -1.6515181730720463 -3.1885644446297787 -0.28930803019421536 -3.5692867983240166 -3.7392354044997833 -4.654879985954283 2.065612561479975 -4.833039336840668 -1.7909451795004012 -0.44495551886473517 -1.7224499104843463 0.33762476830135824 2.9203566077721494 -3.999646463216827 -3.753521936293385 2.075356838672985 -4.840361731349075 -1.3759468180708327 -3.90810923900591 0.06792819320405519 -4.457246666393524 -1.7809577343853595 -0.5989689714633285 2.296118031306499 1.4229893737212356 2.4946397010694694 1.859481572151633 -3.493110877576341 -0.2935633597378431 -0.9816544470294193 -3.1222478903762916 -0.23220406376276714 -2.720890878460147 1.434238011973346 -2.7774209947776645 -1.4449721800658852 -0.9545857445013167 -4.915649301894541 0.03075695625972985 0.28431896699276016 -5.0226337474465925 -3.992238150830527 -3.703511782159956 -2.0015179198398005 -0.20195480336067684 -4.1372675978174716 -0.8106748263189449 0.21459167626292563 -0.21409179181499827 1.2516790708188639 -4.050731389019896 -0.972756359295662 1.7488286364895544 -0.6046297548684946 1.1493665548802299 0.677421477063354 -1.9308017753182178 0.24372400425241558 -3.310036429154505 -4.3857994217138705 -3.2235861382348228 -0.531921317051772 -1.4678422995049643 0.5349435877738358 -1.8692706435873574 -1.735045659751418 2.251209396175949 -3.7000297135173588 1.378939917369609 -2.16130724514474 -1.7029759418099726 2.2667425353949757 1.26598018832411 -3.1255143661281726 0.9127998836823676 -2.7034659495355178 -0.9184179470603837 2.924928033796031 1.2378512998380118 0.41809977572759394 -4.773385409103767 -5.313409155866907 0.12073307295694313 -4.803477419461717 -0.6345645151823033 0.9736858331330498 -2.7426716405179405 -2.081634670042824 -1.5749985808128004 0.09618675670297794 -3.152325315022597 0.7411734842997422 -3.535970472957147 -1.4733734078973046 -0.12130796017865586 -1.0640358298729027 -2.4675298749061896 -0.8868507470666208 1.7025874760556876 -0.5369660896000472 2.2744086014149523 0.6914080944803191 -3.255039845319377 1.6269708197102979 -0.8470712059702669 -2.183002089324643 -1.8818518071427843 -3.035510674399644 -3.8245250058719336 -4.932257212783206 1.111378299899942 2.3255648593842704 3.759739350601081 2.1001754942722703 -1.8365849147890216 1.177537604109287 0.8720169030826215 -0.8348191282147635 -2.564684125387341 -1.7845111351942045 -1.436604185311126 0.8261631712952566 0.773559298721441 -1.7392442428404418 -3.4754995271842817 -4.094135663091344 0.6277695801531384 0.3872766652115738 0.3591477767254756 2.92312216196832 -1.7404762645542218 0.45991377086204865 1.4250238277593352
1.0865596443006567 0 -1.681008675015387 -1.0993442759831784 -2.2700954128012976 -1.3221763538759574 -3.5336155168832932 -3.1334223865145217 -0.3018093709975018 1.7868102624641975 -2.9668632261417756 0.30125230929416036 1.1373363532639935 -0.6886788506850593 -2.0178480865144004 -0.8041238023973059 -1.1734243807592666 -0.6667812899949008 -0.8886523216425847 -1.787851798551718 -0.7238802193030912 -1.8473811751944342 2.2763808665172234 -3.5397233317578447 -3.554595754541853 -2.754983879855706 -0.19275424330376167 0.5014005002153059 0.8067278508663915 1.8507834901750737 0.6269086057792688 -1.8402090626012684 0.7516939510285932 -1.4444280003172365 -2.472475450633194 -0.5152176466330243 -2.724103268078973 -2.83799540998161 -3.453312405529056 1.0571563361366167 -3.57422178281458 -1.5319667902314777 -0.622970190677691 -1.4854592123726793 -0.09713392028801793 1.6299965989993455 -3.0136805584211324 -2.8482373215037615 1.0608774268901389 -3.5793169257072748 -1.25247653420119 -2.9520424290945266 -0.27968142690014774 -3.3208585330723075 -1.5211053698682089 -0.7371085210340484 1.2094745227965502 0.6208325738881366 1.3438504877434898 0.9228518396797782 -2.6725521730642385 -0.5269050787844501 -0.99050355375974 -2.4174534910254737 -0.4875696135188181 -2.153423383636894 0.6294621473406556 -2.1914046395166924 -1.3009578302869391 -0.9749282134144347 -3.628945928231819 -0.2989262322622155 -0.13557980779865553 -3.7016837638521514 -3.0075727435465818 -2.8144417880083226 -1.6758817491392717 -0.46015196381180723 -3.105579790683355 -0.8644593480748384 -0.18806016607506593 -0.47070362975451707 0.5122619205785757 -3.047321214706292 -0.9753849425220104 0.8496175894451876 -0.7311675235998552 0.4347506367161835 0.13374000519958185 -1.624568940054996 -0.17380725213217507 -2.5492759144110266 -3.273751289125733 -2.4920300104158195 -0.6862921265640303 -1.3140630377910365 0.023064636912946357 -1.5832081308256534 -1.4928696108963038 1.1759689009683294 -2.8118684036935946 0.5974536718784691 -1.7768871267149289 -1.4739147172014548 1.188081279243912 0.5184015184365454 -2.430308472369035 0.27510546025280447 -2.1446587757274367 -0.9504135451960514 1.6283127924396128 0.49887874163733836 -0.04620233411440178 -3.5336155168832932 -3.897594606652178 -0.25141388494482386 -3.5549055089624124 -0.7463298580510815 0.32168450660170333 -2.170785782015451 -1.7268649610496487 -1.38882621737508 -0.2714529191116293 -2.442845796768774 0.17990604565440194 -2.7032779076306928 -1.319416309367531 -0.40719503367447996 -1.0339850559030501 -1.9838976758086821 -0.9160104430895728 0.8132288288816798 -0.6773647389210302 1.1972271100640288 0.1276242878017677 -2.507998513901862 0.7554468247655339 -0.9002166595671507 -1.7932368531116316 -1.5947208430134587 -2.3653741984130634 -2.894383519205241 -3.6409034292971216 0.4186987245099618 1.2359827519952256 2.1927498275502018 1.079852163338329 -1.561266846921998 0.46759302648978895 0.26458153958669794 -0.8968569489709469 -2.0519017486936386 -1.5287937398289728 -1.2878129372761604 0.21993652595806812 0.18548970063809223 -1.495339743737512 -2.6658645348552508 -3.0759183538355157 0.0998928459673829 -0.06328676105581921 -0.0828095378550262 1.632673234787593 -1.5013125241551242 -0.02352634966603051 0.627714774814085
-2.015733119467155 -1.681008675015387 0 -0.8678165533802431 -0.38417526812429204 -0.8315333033143496 0.21584350766424354 0.030749212627333655 -1.284374408786639 -2.3605036384392912 -0.036682748590201264 -1.657369715147953 -2.0689493082733903 -1.1822811605161774 -0.5088473794595136 -1.0158752205822617 -0.893891746471573 -1.090743629000269 -1.0501164153594544 -0.6355119368712987 -1.1553868629810065 -0.6255782355929893 -2.5917424523246595 0.21055665476161933 0.2307554712235116 -0.17083423400258668 -1.3289979262223854 -1.7478234549895895 -1.8669391919588443 -2.3633713755807255 -1.7831809331904858 -0.6117606037618065 -1.8478461188668405 -0.8372582375434044 -0.3149699014934083 -1.1775943713941788 -0.16517689803636482 -0.10893582386741096 0.1826242121193915 -1.9961124150902705 0.2313278774876184 -0.7511818246141104 -1.149403818930413 -0.7697529722421346 -1.3990061514223946 -2.278782600726722 -0.030672047023088345 -0.10872819484599971 -2.0183541584288545 0.23247839583673313 -0.87919882357552 -0.05897497272891272 -1.3219995603483434 0.11727995275777348 -0.7262685615136992 -1.1723979400379954 -2.0869928246165337 -1.8218051607009227 -2.14364915682831 -1.901931892917045 -0.18699197169032233 -1.2360021573236861 -1.0250126407003377 -0.2652948176929686 -1.2683909367828932 -0.4315712669221199 -1.8181402708112646 -0.41352204475807486 -0.8714090107741563 -1.0513345319714023 0.26298139664053277 -1.2713425180618763 -1.399797598349716 0.2913348031464844 -0.025385194120463694 -0.12337634276282738 -0.7004409381900947 -1.2300248190939946 0.017094434838336836 -1.0040052598484177 -1.415663862878492 -1.2423776361334946 -1.7229101918891787 -0.009743676075804952 -0.9659762618856946 -1.8590817808946474 -1.1046231532733828 -1.7496139778656443 -1.490082778328265 -0.6972922679435137 -1.460983571462207 -0.2435978231019713 0.08839891496694063 -0.2768733052678525 -1.1547525642749688 -0.8488024901928769 -1.5457856811585238 -0.7168063048992415 -0.7586068601727789 -2.0952150129234255 -0.12290489809897565 -1.7656536364904198 -0.6064118584172509 -0.7863935662355261 -2.0888281224718135 -1.7509607135943663 -0.3364201979046706 -1.6788314232010193 -0.4570569362866371 -1.061431087291898 -2.3124342717771023 -1.746201491976623 -1.4459421171981743 0.21584350766424354 0.3804808764177223 -1.3876752336152354 0.21819502516260103 -1.0615540005877704 -1.6598783808675943 -0.4430878620550729 -0.655598380091133 -0.8333238261904043 -1.4038500887656769 -0.2907861928783879 -1.487876997409388 -0.18636908462608848 -0.8581190102278548 -1.2640860423662956 -0.9183612224246518 -0.5172153043458857 -0.98219018619446 -1.8803358599263023 -1.0697590714319563 -2.0642291558139703 -1.5995685704079639 -0.23186789312670542 -1.9034252368132372 -1.0689066036506936 -0.6114910822984639 -0.7335030855136625 -0.33494397147118427 -0.0755031934802457 0.26287472921937605 -1.673364598793503 -2.050877262825738 -2.5549649343113066 -2.010710082206971 -0.7273743048835888 -1.6644071501803186 -1.551554518778814 -1.1058022007270076 -0.5046662699267782 -0.7610202701130673 -0.8231539667861737 -1.6305877908548407 -1.6077231604520226 -0.7548914894829937 -0.22744579123513764 0.007940768845544843 -1.4775280380882558 -1.4115608916624038 -1.4068016700446604 -2.274124340709233 -0.7893289016397939 -1.4959705665995058 -1.7851171926460203
-1.16531733127683 -1.0993442759831784 -0.8678165533802431 0 -0.9751875678623847 -0.6152821984110526 -1.3401411409449404 -1.0717282357315219 0.6586248551033809 -1.340917789341626 -0.6634532761969527 -1.8418280382505443 -2.049362754578067 -1.973626253047446 -1.0531844114124111 1.438723785601384 -0.3166093333941604 1.1804832124108162 -0.8826028949949696 -1.5254291204863026 -1.6695002523438505 -2.1088236812697865 -1.160977758742694 -1.5947294181753935 -1.1933794267590407 -1.6377977220927327 0.9113616761003109 -1.642205311926467 -0.7549125247205954 -0.4728774575519532 -0.8573112603319148 -1.5748909191990417 -0.9882450407805208 -2.6201047744988926 -1.8643318113017804 0.7648783527025538 -1.0013396831433312 -0.9676552016609503 -1.16517338921683 -0.9991006956469917 -1.4691728486530882 -1.2710433092835882 0.024170121908308584 -1.1490884192144604 0.17932863664393617 -1.1622218168929994 -1.1779058085702911 -1.1143916075933824 -1.6302827566839624 -1.509832914760619 -1.0449647686369543 -1.130219541330675 -0.1723570900319389 -1.2024089336454538 -0.3393116187427334 -2.392605017927681 -1.5278587128191758 -2.140880527069448 -1.2680703824366932 -0.09907548908765762 -0.9041410006840407 -1.2135137173161972 -1.6303879434282336 0.4923789574896733 -1.6254915893178148 -0.6941687845628415 -1.8986703536439125 -0.7047460486411703 -1.5293598072345582 -2.2103073660258765 -1.3100077224088031 1.1041606673200426 -0.4199950908907093 -1.522109785551668 -0.9233175313398378 -1.0613787459343997 -1.8561374767797916 -0.030770120744600615 -1.077054830150888 0.9030661085644518 -1.694686700262634 -0.5700041689812438 -0.7104736213856131 -1.0346698490771686 0.4187216864737837 0.12905697382023984 -0.2108873091178045 -2.694116361063327 0.8191605807653093 -0.9916228996828947 -2.8810319762874093 -0.808768466204807 -1.3898560221923524 -0.9803116962540108 -1.087855914780021 -1.0272347621592028 -2.555877988694493 -0.9757443494386677 -0.9157052866475994 -2.2827711953983956 -1.0083405760219493 -0.7565108984194454 -0.46286488251071156 -1.490323423079344 -1.9044271883722244 -1.4848663336622383 -1.896190144804105 -2.895539927113994 -1.3501070532096484 -2.1555189728937716 -2.226561586341713 -1.6298272081215481 -0.5084679655051951 -1.3401411409449404 -1.698751835739031 -1.7777317474438843 -1.585877069063251 0.8923623032187857 -1.6137715001030488 -1.3094216788486497 -1.2337571483480283 -1.667193247547913 -2.5768553590768786 -0.6744860888376957 1.5775988180373055 -1.344350218481337 -1.394976196853577 -0.29071030064788794 1.0128200526029327 -0.8039227286013231 0.805867426105161 -1.0713913209756412 1.6702301536812532 -1.0080542777730037 -2.653203212421121 0.17067479982913114 -2.6484080913245713 -1.6357651543545346 -0.8641895656735967 -1.6634903350808647 -0.8796378756088783 -0.7784325816409301 -1.4921029082828678 -0.5795651491904739 -0.016232907934147 -1.275830522919334 -1.1105036298912578 -0.973994126219013 0.42816007914607845 0.877398803829788 -2.7248611314130846 -1.433278641658236 -1.527407117987164 0.157309674138983 -2.230724001101577 -2.039751157861902 -0.8379109091253123 -2.0533519652940613 -0.9161900971938828 0.7007314453889577 0.2977577720202873 0.15279689756097747 -0.9783510995458127 -1.9906476284281096 -1.71426816297391 -0.9050481440784666
-2.892888524385657 -2.2700954128012976 -0.38417526812429204 -0.9751875678623847 0 -0.7167905611811258 1.312096673694891 0.941476288232207 -1.6766313733698288 -3.525112174565839 0.7797424419904211 -2.1618327341268144 -2.9167477580496675 -1.2584809340603882 -0.07325022909228274 -1.2396200094130614 -0.8595690090823951 -1.3579733221811465 -1.1041972890729805 -0.27044287808119427 -1.234150145500128 -0.20159988022915165 -3.974760513123039 1.3240734765253852 1.3274684531315248 0.6116901974326043 -1.7821591709359512 -2.3488404278732533 -2.6488260695920864 -3.605177533177672 -2.4827541877997676 -0.22159265866293176 -2.59290293351493 -0.5550566386671809 0.36055482598014077 -1.4852856440728572 0.5675552218882003 0.6702538426211442 1.2346719004666 -2.870349532565311 1.3522707965880345 -0.5095071764023995 -1.3686297814717627 -0.5548680980656511 -1.8506248841925101 -3.3870490213865336 0.8352883697442515 0.6832680001208491 -2.85780687911375 1.3579291248303385 -0.769318669804036 0.7780449663993778 -1.6757825847262013 1.115186911880433 -0.5428913460832631 -1.2038780652509504 -2.9954928239697294 -2.444843340270629 -3.124219759702083 -2.770951643561796 0.5182334729977414 -1.4247414581504487 -0.9927282252419934 0.2510660994905982 -1.45010960137992 0.04095363957490572 -2.458800556714727 0.07575234682425225 -0.7130182999795016 -0.992256670345744 1.3980089265746112 -1.6904942940891086 -1.8005486678072937 1.4694924589620904 0.8233115669137581 0.6512041485558098 -0.36389955166795185 -1.515274735451369 0.9162967364523722 -1.171248541033215 -1.7206719006450972 -1.4920755718610847 -2.382224597554117 0.8622597182640015 -1.0581762973360023 -2.7101246467370923 -1.2643279554485407 -2.2617021526025267 -2.0766750504380633 -0.43236534119666925 -1.7036968650700783 0.4037466663079927 1.0770875237497646 0.35602812270781237 -1.2830003903424434 -0.713772767474258 -1.8908931756902063 -0.47037043360251973 -0.5540193602701293 -2.9459824327815283 0.6475262339271093 -2.4585176949643257 -0.3072220497922513 -0.5567541905303837 -2.9665410364123233 -2.368267355685966 0.3230212630464866 -2.1114735797190387 0.04953546579925994 -1.0159273379841718 -3.358663033602089 -2.3468600142596494 -1.87957662090181 1.312096673694891 1.652067796009125 -1.6609765542144226 1.3376534592221043 -1.2783795184655629 -2.1861635481111277 0.07226307449329394 -0.33325031394355453 -0.6296522859103996 -1.6225942026371403 0.3035942843856674 -2.13778501070938 0.5572759454968561 -0.6996269341564714 -1.5568634213370487 -1.0198883177556977 -0.11040658370261158 -1.121926792142756 -2.6467513348296112 -1.3607082032895066 -2.997473263007386 -1.9835011114814418 0.3415050302185938 -2.5544262353647236 -1.074679650894506 -0.2822310894620521 -0.44255029643914245 0.23833493086155988 0.7167464146784246 1.413475027160116 -2.3004617887752934 -3.0577344854831816 -3.8958268557533415 -2.8881732550877457 -0.4903631866122471 -2.3703421667206 -2.1971030979686237 -1.0502544903372693 -0.032698872451760286 -0.5059235574985175 -0.7675269239122274 -2.0780894863103345 -2.051589667262781 -0.553736447671622 0.5411497494135709 0.8852702395565435 -2.0429136978579274 -1.8843862367726458 -1.8629788953463293 -3.3941219380454277 -0.5192206021726767 -1.8697687977105033 -2.4822826583275717
-1.4826735099892083 -1.3221763538759574 -0.8315333033143496 -0.6152821984110526 -0.7167905611811258 0 -0.48949942426279447 -0.5401321310335822 -0.9219843509314419 -1.6614458535121956 -0.519760515894635 -1.4042503321451798 -1.6174031830442503 -1.2046342610349503 -0.7832488175785299 -0.7023288919606949 -0.8662984949075618 -0.7686682459637136 -1.008118293747714 -0.8999026395908931 -1.1543792442227983 -0.9683209356768895 -1.7441283322703316 -0.5237330522105188 -0.46436841872747203 -0.7025928239646722 -0.910683884041677 -1.4204360860841987 -1.3636854554588638 -1.5542268811906643 -1.3383900848489496 -0.8952831343643829 -1.3841724758629494 -1.1285243329334236 -0.7964743528644206 -0.8601316112435615 -0.6204489031105169 -0.5906564267977246 -0.4827345314976207 -1.4529684619075816 -0.49858805815821006 -0.920711395885669 -0.9399133225457621 -0.9139115318280289 -1.0340466447512682 -1.6019343406007902 -0.581343976630525 -0.6089071343027347 -1.541996177921296 -0.5031481121875275 -0.9506752315315462 -0.5882557488240572 -1.042988399218325 -0.5171115417444568 -0.7928934950241592 -1.2525200740366544 -1.5604112505008976 -1.5164315283593912 -1.55370231180367 -1.2976083861493422 -0.6182195844699343 -1.1340391032470707 -1.0901887748876897 -0.479241101888525 -1.2002770405019372 -0.703215312970572 -1.4844831731201955 -0.6963280206817664 -1.0076916439796253 -1.17466343113058 -0.4642914818840461 -0.8603554275153458 -1.1093347474798367 -0.477912192774806 -0.5471103486828004 -0.6089421055952009 -0.9707810648477496 -0.9834524064021931 -0.5470089319346482 -0.7638983641795984 -1.2759148561551692 -1.056486710585453 -1.2926181852226892 -0.5539172069989337 -0.8071541805670522 -1.2495966764947593 -0.9489320138562449 -1.5527615840363267 -0.9954802761752569 -0.8612663284299493 -1.4448466829947157 -0.6320431288569988 -0.5536828993394095 -0.6686249778396913 -1.0813729170735114 -0.934632859891639 -1.442767740911738 -0.8681571178480018 -0.8796639153633178 -1.658531097539274 -0.6020967788573547 -1.3178156362136977 -0.7538235398366335 -0.9641420687354545 -1.6083250405365748 -1.402192372837682 -0.810213966149566 -1.5457483950946422 -0.7968135744013436 -1.1724061354560242 -1.7503057073220716 -1.41815081337567 -1.141384519467185 -0.48949942426279447 -0.45944816038575165 -1.273566635120201 -0.5191520154057215 -0.7914125620423553 -1.3768795165815346 -0.7853732223417138 -0.8725737895782075 -1.007600718619213 -1.3808310701219386 -0.636718588151455 -0.899656193233149 -0.6729717069849646 -0.9848459111528315 -1.031443133281296 -0.7112216866182992 -0.7558919905318713 -0.7661276828201811 -1.4093454469492315 -0.6978947345842561 -1.485070690833629 -1.4793985497038835 -0.5042567021587089 -1.6170080074393811 -1.1108261718493808 -0.806307875289368 -0.9617343965032937 -0.6824520193560024 -0.5517928022357499 -0.48710574054762035 -1.2537160922390016 -1.3549989914268106 -1.741759128459884 -1.47353591628434 -0.8727451489112923 -1.1236548842199225 -1.0161596386879075 -1.26376808398772 -0.8288668435179384 -0.9572372908004155 -0.7748735980494268 -1.4406887988287607 -1.4064132053300764 -0.8682480432084141 -0.7802955931838952 -0.5310609827844 -1.0045759043291655 -1.0249510165973594 -1.0409094571353474 -1.576827814970194 -1.0280282878261062 -1.314890388853036 -1.3452389087160423
-4.773385409103767 -3.5336155168832932 0.21584350766424354 -1.3401411409449404 1.312096673694891 -0.48949942426279447 0 2.9064809775172074 -2.6068097651762527 -6.015613891170503 2.520633679404159 -3.2048685488764117 -4.688489820539317 -1.3724355774220276 0.8675759877472515 -1.847075349705778 -0.8208507384139752 -2.045775585468056 -1.2267105181024087 0.5428194114354472 -1.3692894619651812 0.768575129836208 -6.944889227053409 3.7527362894897713 3.699271593943779 2.3297574764043865 -2.8565161066382596 -3.610093053163475 -4.345293820380551 -6.30663773524523 -3.9966801270963237 0.6482692508878283 -4.198036959212116 0.1361263498383909 1.8598588659651183 -2.2388188657180113 2.1456107732124243 2.3466238425229258 3.5088326598381245 -4.753122670811913 3.7904594134219227 0.024915054455257213 -1.8934970441886698 -0.08442067627377003 -2.8839566079616445 -5.765418030605165 2.7093537994833508 2.3947753453618854 -4.633160554668827 3.807919799062221 -0.5303686636517937 2.58732910650851 -2.4803051614030047 3.2746698834827015 -0.182005227084035 -1.1999465480600033 -4.924819674144924 -3.727835841847164 -5.222135749133344 -4.688844577674216 2.032045388401459 -1.8202068792449426 -0.8907335368547817 1.286218235770324 -1.8092367310255895 1.0428151195516158 -3.7922184354032926 1.1142297198412359 -0.34464890273140825 -0.8026918328334852 3.85833188524019 -2.701539713125749 -2.6934654236467734 4.033623267253768 2.6470860329681924 2.3224752129544264 0.4049596407579432 -2.179499208152445 2.8567564169498247 -1.6294351766636013 -2.341746870785311 -2.0519633159633193 -3.817013334702768 2.741961737215728 -1.3298062681269573 -4.601053130369387 -1.6489058889264399 -3.2772621873726955 -3.433635620765587 0.13774066344642266 -2.1295133965389876 1.7879960024517754 3.2263726243457036 1.718008703592539 -1.554665460080274 -0.42157470223531235 -2.553969350702027 0.05909604991605644 -0.11776838982594562 -4.71209668079527 2.307129654355096 -3.9631866572461094 0.3094376667794321 -0.03695669904539489 -4.810170750708866 -3.672704582483927 1.7893297977933367 -2.945567110416222 1.1585475816127655 -0.8584171117184838 -5.548611139471611 -3.607978226122506 -2.838753214072277 3.6904685229746113 4.4265025721003095 -2.209491805410915 3.7786559832939464 -1.842793445414625 -3.287940822995971 1.1980417697805938 0.3729869784269382 -0.156668558472015 -2.0124581334658838 1.5668659511474594 -3.6701634808784473 2.176499896918339 -0.33796065880320836 -2.223910576012798 -1.342203717776695 0.7555836606647097 -1.5158697918526358 -4.293600189070236 -2.12481621201293 -5.006860659848605 -2.7251768349317063 1.5160056017457695 -3.871498324335029 -1.054367245038422 0.4198569361335518 0.2182085914216807 1.4667293044021088 2.4114959551823856 3.916713760478702 -3.6726110763951034 -5.276736233513642 -6.769254082234538 -4.772156114180636 0.018716329630388273 -3.9641766897823767 -3.684029487838179 -0.8417900079868084 1.0060297779465168 0.07060796744795494 -0.707337603812225 -2.9784253048650666 -2.953932912491274 -0.1288842943433376 2.2506233437706884 2.7703400208661657 -3.348104756799767 -2.969487471927465 -2.904761115566044 -5.8072250523212166 0.11349852778909875 -2.6379794071486393 -3.988564581737739
-4.178794667894961 -3.1334223865145217 0.030749212627333655 -1.0717282357315219 0.941476288232207 -0.5401321310335822 2.9064809775172074 0 -2.2113767358121583 -5.235247905459535 1.9808676358453305 -2.9187439356686173 -4.180309608266535 -1.3925033726936142 0.5621865261309025 -1.5099197696636957 -0.7935058373889083 -1.6978381780430132 -1.1805117014667283 0.25092409599777943 -1.3648450278008015 0.3922990101885837 -5.999940500132034 2.937768450022789 2.9259387191907305 1.740600981780282 -2.400043918839399 -3.2422325067415225 -3.7859400067523996 -5.407954337723446 -3.501939511404365 0.3353085888370133 -3.681613270996868 -0.18027345611400558 1.3278040777214248 -1.8939571896416196 1.6384939154767246 1.8098789807148896 2.7685149631015467 -4.1481238333347275 2.9797404686047813 -0.16257753714147705 -1.6652293385116854 -0.24425785928596477 -2.4832832269229868 -5.010677728752668 2.096847920162819 1.8381980091205752 -4.099422106337496 2.9910416526265395 -0.6097624945083877 1.9984140270395554 -2.173623828296488 2.569031097295321 -0.25949648989316676 -1.282283794305817 -4.335645831606321 -3.382021780501432 -4.563668953655858 -4.020164290406877 1.5512290696726447 -1.7055716710952575 -0.9602046813937072 1.040500164809024 -1.7302615718881746 0.738715659353411 -3.41610151483681 0.7977495678868545 -0.4938262557584232 -0.9340612768724694 3.049767242187311 -2.2541856201771235 -2.372799375130039 3.1793564711135813 2.0655604476572385 1.7819123168494029 0.10807828700292443 -1.9096536669997999 2.2287889552436395 -1.3714252084377372 -2.182634642806954 -1.8470346764211123 -3.339151459493213 2.1359836313474916 -1.1599354295293534 -3.9277553766184528 -1.479398462881766 -3.0495838315613155 -2.8917288832129495 -0.04495017574983806 -2.102204987628892 1.3543612834261154 2.5130977695643475 1.28154224801379 -1.472492572196427 -0.5170452617472897 -2.4314983101990135 -0.10961265351039895 -0.2530310548830772 -4.219313182748633 1.7734033946574392 -3.465552016481965 0.14257182252175493 -0.23251621958895652 -4.2704548070354615 -3.281808673601443 1.2660219529257102 -2.78792143085165 0.7818328626910511 -0.9762975688596116 -4.916374855560675 -3.2394402449117266 -2.501948148381062 2.9064809775172074 3.494380165562049 -2.078528134889047 2.9602386813637334 -1.5512751503003404 -2.969665332117822 0.8183084487484997 0.13245986882316796 -0.3474834558533747 -1.9789931025776601 1.1799196829530052 -3.027739501581785 1.6361861548897023 -0.47716077591469575 -1.9682911654255202 -1.1214604018575551 0.48875085277322894 -1.2841603626336573 -3.7686138433957987 -1.7238494458616762 -4.361701144992509 -2.5831173147909805 1.2067852076303698 -3.544281285602285 -1.0979064224042179 0.202178323433023 -0.03272403481005637 1.0790458925401434 1.8798617087298939 3.0837588853876383 -3.207254469979919 -4.506484958958458 -5.862062576851423 -4.173254189802893 -0.1433400233055777 -3.368923991627219 -3.096973454948867 -1.009188072871818 0.6470555202129109 -0.14533946491992666 -0.6593010872885918 -2.760791632769136 -2.724536274549309 -0.255955453415448 1.6400355103400943 2.1695348188725707 -2.8297265305796095 -2.5452855795563263 -2.50291715086661 -5.0306199716689655 -0.14747104323685 -2.4327315860897105 -3.499059158439519
0.029424430956413117 -0.3018093709975018 -1.284374408786639 0.6586248551033809 -1.6766313733698288 -0.9219843509314419 -2.6068097651762527 -2.2113767358121583 0 0.29565491863520155 -1.8511519354422963 -0.8453664317488017 -0.5260888541165479 -1.4724506249999911 -1.5904537210762624 0.7157396875339022 -0.6437818695468857 0.6203123827753432 -0.861796813935328 -1.776508322698475 -1.2910208496102744 -2.193863724882965 0.6814879322094849 -2.778098210404824 -2.521436199747633 -2.378334666070061 0.7014114852962843 -0.6044656153967138 0.1474906045691109 0.9032202557501652 -0.018177976515502015 -1.8377066669901587 -0.03647056101486479 -2.3113009932931248 -2.373638018390467 0.4288288680556871 -1.9416040506435408 -1.981524696701473 -2.447565135100546 0.12303684155445538 -2.7140899340411613 -1.4690678397884644 -0.11862075351025991 -1.3632364323751474 0.270651097338541 0.32798139411035576 -2.216089152875859 -2.0839172668402726 -0.2913334468956461 -2.74369406827554 -1.1674224026848217 -2.150998247769529 -0.06096460670840509 -2.399859367413319 -0.8484636496091724 -1.775282051061612 -0.14268387052121312 -0.8682838424806609 0.10202191581431741 0.643517079295594 -1.8493528106658859 -0.8827241488442612 -1.4106951969528665 -0.788857709663277 -1.133049799323751 -1.4275793026795223 -0.7037854809699198 -1.4552809519221799 -1.513438130416484 -1.7847787066361116 -2.6389452896048917 0.7706734930949819 -0.14570926693448605 -2.8185601708340906 -2.0448007076472874 -2.0305040441778823 -1.9335876952888469 -0.0660273870969239 -2.199699053368218 0.3294371810353831 -1.0152779369728797 -0.42752576725596914 0.01613857478257774 -2.1399494705281263 -0.05061655611663829 0.7540609037726114 -0.3327273676999484 -1.3347937738039692 0.8187296241070263 -1.3352562412547695 -1.7901515676705635 -1.7191710004532248 -2.4978180623661377 -1.8011057286073267 -0.8867918913213172 -1.1893290061211117 -1.4682234702446326 -1.3022132697458728 -1.213313276211531 -0.6589930055699844 -1.9941098262256722 0.03225013241249908 -1.069535529179101 -1.5820554636285373 -0.40278471845292196 -0.4913904007254366 -2.3716479425675416 -1.5547830246312304 -1.855529758565286 -1.735258044788368 -0.375098838594371 -0.5976755316788824 -0.15530928272429667 -2.6068097651762527 -3.04198825893587 -1.1046316540473502 -2.7805420097678795 0.38683055534362465 -0.6837655931412444 -1.8429446290410865 -1.5508116168960502 -1.6523125093386972 -1.6427598017012066 -1.5725114999017173 1.3442726422366835 -2.156530521082284 -1.4348546487056957 -0.20861914517137548 0.30934547175961 -1.4074875934037494 0.2371859410577284 -0.05774825924861626 0.9376314233528844 0.19355665975822922 -1.4753796866713884 -1.0504949098777827 -1.1296582702015532 -1.3649795050885665 -1.3432165445464723 -1.7622116592290704 -1.6655825961284259 -1.8874585625633018 -2.7656006717118293 0.051450163992120324 0.8690228340515027 0.5600862815375804 0.06192608809397626 -1.2890868258503398 0.7429403050841108 0.9285411831661947 -2.081639905228955 -1.8597884520888575 -1.6364637242023896 -0.39354380989860105 -1.1462953728187013 -1.0391027947849973 -1.163338890823659 -2.603856190210077 -2.077389955616055 0.722132099774595 0.36724862167097205 0.260963490717526 0.450744215402648 -1.927076153448736 -0.9384217585914039 -0.04923087220147315
3.155232496443481 1.7868102624641975 -2.3605036384392912 -1.340917789341626 -3.525112174565839 -1.6614458535121956 -6.015613891170503 -5.235247905459535 0.29565491863520155 0 -4.926854967923458 1.632184404193529 3.3049954277357383 -0.3275710060616148 -3.0195732015825385 -0.7455893414172257 -1.382378203705915 -0.4584084655988283 -0.7852361440298 -2.536455364818061 -0.4143289184252442 -2.622494933540695 5.519224568006129 -6.013677596703753 -6.065415144327755 -4.451981916210745 0.49838222470183124 2.018853979936008 2.5765074250130375 4.6355061697621895 2.224858214010183 -2.637757676493858 2.4800502876664248 -1.79354564549823 -3.8781020191094866 -0.13427093057405526 -4.425801997448845 -4.653973125987155 -5.8657194008385956 3.0876187922911296 -6.089168037762757 -2.0420611804243474 -0.3074364598054289 -1.956389659846824 0.7288488195273906 4.234896731958115 -4.991445985822952 -4.66621318268746 3.129902480362226 -6.097044774669412 -1.4991975000895599 -4.87160400318645 0.38555819996672613 -5.600468930378874 -2.0719821290801015 -0.40064329811833466 3.4195103815075214 2.2837364022506206 3.672161623446441 2.7709988223525146 -4.328740322851662 -0.04813530811022315 -0.9462842992759062 -3.8990420864232527 0.052798955420462645 -3.3088130545827243 2.2874951847936993 -3.3836989583911588 -1.5687563750332751 -0.8832792803472788 -6.206705677787398 0.27675607585399686 0.6855836697359987 -6.339514937089814 -4.993382280289704 -4.601990212933076 -2.2956850077589483 0.019128100546243587 -5.179628892577416 -0.8358695472184725 0.651763503172905 0.027968546523968518 1.9889330312802551 -5.06620920691635 -1.029511041877305 2.6128684232934543 -0.5094365459064503 1.944563737053533 1.152238565370785 -2.241511558483433 0.7456620561529679 -4.089056357578656 -5.496503104270717 -3.9658236405441842 -0.37179098859946236 -1.6225528998390681 1.1188825006939984 -2.1602033576995603 -1.9840151422153285 3.394662219961801 -4.599808553036251 2.1607579269708364 -2.573403147699824 -1.914587826311263 3.3978164652543086 2.0439386305871907 -3.7925531812470004 1.6384751421293187 -3.2551392124919696 -0.8375959815536017 4.290384185800585 2.013158902926179 0.8680714994806316 -6.015613891170503 -6.719034995891247 0.530467080605185 -6.044334641649726 -0.6005489017391161 1.6601779347071446 -3.309303785442871 -2.4313942705991862 -1.735736096394671 0.5348215240742218 -3.8849972942958457 1.20204869485265 -4.365460492952577 -1.6128625511806982 0.13872471775267314 -1.1787921186340267 -2.96589048316717 -0.9329312218156556 2.6069191045289375 -0.5065099133947915 3.3664410766673374 1.3320273753846061 -4.061176633455464 2.5792758695112075 -0.7665826666786704 -2.5837069099333787 -2.145063297461434 -3.71971737829574 -4.7764786230560174 -6.22040017441892 1.795782267481571 3.3886257237806987 5.35939436358578 3.1388744853796 -2.1167017188027084 1.8372338055212465 1.4090077616732808 -0.6997050588165392 -3.0662290857718983 -2.0215852149968887 -1.635870472000866 1.4921029452350298 1.413099087063018 -1.9932236363381635 -4.251927000901087 -5.1295822739900885 1.0915290127294064 0.7895583721687689 0.7587786445077571 4.23005155762893 -1.9413722823237345 0.9797825034557939 2.2290988510887964
-3.933300737540053 -2.9668632261417756 -0.036682748590201264 -0.6634532761969527 0.7797424419904211 -0.519760515894635 2.520633679404159 1.9808676358453305 -1.8511519354422963 -4.926854967923458 0 -2.8855008511707823 -4.0716211475392425 -1.5098393896880349 0.42071872871518323 -1.0886843150503223 -0.705262370840094 -1.3005765654800647 -1.146932627158187 0.06285346763661459 -1.4374321104619558 0.10180614033881508 -5.598459491044118 2.5098182439929517 2.5611647149832417 1.4080791144584457 -1.9845809958966196 -3.1504803053897206 -3.5103804940722165 -4.950376723451192 -3.266461848089066 0.13237988889053431 -3.4510933366350716 -0.5011301099117681 0.9953981348073855 -1.544345059556802 1.4132646588083335 1.5752508672338648 2.4215357008809706 -3.879499428265621 2.5676588634362103 -0.2759798038022876 -1.44985645378907 -0.3318038226650355 -2.1741099429952984 -4.69375786635932 1.805179025028627 1.5784259200110444 -3.9327184569378164 2.571698173605038 -0.6500084145639737 1.7225263729779678 -1.945334128389399 2.2332970308619604 -0.22031204585375697 -1.4739177268644068 -4.132931014564703 -3.355590321569279 -4.301267328544594 -3.6230429410957727 1.3484977622162817 -1.6784698984729467 -1.06124285622115 1.097640621068729 -1.7648676658874136 0.6378026325026176 -3.3492463250227233 0.6901635127909693 -0.6189903193008215 -1.127155986994261 2.65636742623621 -1.8212984013836166 -2.1658811707512284 2.742051088165441 1.815994460439835 1.5351519603506047 -0.11903509682803615 -1.6819452550629526 1.941488943455111 -1.044972117686254 -2.1893784902477433 -1.708191607648628 -3.094812547441191 1.8631636873704949 -0.9265418457105735 -3.5031783491418174 -1.3162833504361386 -3.137197813678764 -2.448614555545777 -0.1251032255929848 -2.299567771963745 1.1831924581149629 2.1530992170954413 1.0900124564503115 -1.4458049256046321 -0.5624521949528382 -2.5504126950956874 -0.18179150184738035 -0.3036788033896519 -4.1434522551708906 1.5355840890464285 -3.2175641063751104 0.12832836070609632 -0.3739193301288066 -4.131628519469427 -3.162310150098989 0.9339503338911221 -2.929050678612829 0.5756407261011196 -1.157303715857961 -4.772358990225542 -3.146008866525069 -2.2977196503130597 2.520633679404159 3.0028471893169444 -2.1070139239943 2.5317433096203876 -1.211141679179221 -2.896754524285619 0.6153075042885541 -0.00032895707074909186 -0.5064780241836782 -2.1397483160251385 1.0444277014043393 -2.4555469417023734 1.3580229205478225 -0.5829307225863899 -1.7758454712206437 -0.7993249569198073 0.39215547173617127 -0.9802052210942024 -3.5435531238066833 -1.2485098799967334 -4.076248847318112 -2.704176240284955 1.199913652369097 -3.582625403376273 -1.188033725323897 0.12068797807206955 -0.21798903245261547 0.9203797563829483 1.6685749117971236 2.659254393216174 -2.953887147251448 -4.055056214199326 -5.490130548994411 -3.919742378047489 -0.21237135940690421 -2.945676702030793 -2.6273341762410523 -1.275577726919424 0.4394748505732444 -0.2999214700102354 -0.5090952323898403 -2.8012576182276305 -2.738513431223895 -0.294303796964524 1.251722797094235 1.9122054719830586 -2.410244163445813 -2.212480335095262 -2.1961790515213417 -4.683518602542545 -0.3736251353237865 -2.42117920572441 -3.271221372750934
0.944754512322632 0.30125230929416036 -1.657369715147953 -1.8418280382505443 -2.1618327341268144 -1.4042503321451798 -3.2048685488764117 -2.9187439356686173 -0.8453664317488017 1.632184404193529 -2.8855008511707823 0 1.2468062460778548 -0.43515637585250155 -1.9099368248572994 -1.5278258639788658 -1.3554711108083288 -1.328218307660963 -0.9327542610174399 -1.5641528941138583 -0.5551885738022347 -1.4494055748055703 2.025171381186051 -3.136729640085172 -3.266422540585149 -2.410852429867501 -0.819379464773302 0.5508201982435645 0.5715646490162267 1.4390852002503305 0.4377296988155548 -1.5974342609655932 0.5890720247361321 -0.9350863614222579 -2.0884513091327364 -1.0701325451020653 -2.5670039258438977 -2.6802939972108213 -3.1825096406620794 0.8699117593024819 -3.2044352027293925 -1.4051593868778254 -0.9536901235596003 -1.3981794060022028 -0.520560725986127 1.4379000088709715 -2.7791524783255808 -2.6471315575054932 1.055992700016159 -3.197298012353463 -1.2165125715512253 -2.7369198917173336 -0.5847188746616874 -3.051317129782131 -1.664978534024801 -0.35790903780444194 1.1614360982134215 0.8037400093074241 1.2084012901696886 0.48729904773864474 -2.5482730763907333 -0.5081044546995612 -0.8088985124523336 -2.7205895472073705 -0.3530957876639158 -2.1371075232384724 0.7414765348049543 -2.168574860709624 -1.120377174549695 -0.6268789766468437 -3.30025618073031 -0.971707410134325 -0.3820355328760435 -3.3049887860783294 -2.8472913871168215 -2.6317526301667833 -1.366635503823252 -0.7897685191213418 -2.8918902763990793 -1.4276290620691485 -0.06078132116673696 -0.6432777256951898 0.2910010510965897 -2.8511955825247024 -1.3882767690744375 0.35468757127123096 -0.9840146320899998 0.7947081447584046 -0.49587379745168503 -1.5702238202568353 0.29556828677488767 -2.4638079031742377 -2.9542343956940558 -2.3621114908845495 -0.6893762253574192 -1.2776332171129436 0.3804285237845024 -1.5372185900518132 -1.4724698857289271 1.3494882778079882 -2.6447652548314835 0.38177500474887505 -1.861748159167774 -1.2889124571895663 1.2509865781324487 0.5207335440059779 -2.040895561529144 0.7078766688678995 -1.9392757139472547 -0.6204512690646469 1.7444464936814001 0.5449447639547935 -0.2751731690913164 -3.2048685488764117 -3.4319626825497855 -0.09433882466518484 -3.1530941868643265 -1.3171386395232538 0.3792091301359517 -1.974804456326592 -1.593135001764593 -1.1603623856303396 0.11875298481833618 -2.405920252580568 -0.6734368645558687 -2.4487857572747487 -1.1760557319696616 -0.6663843990571539 -1.6135145109286195 -1.9512220743790019 -1.446359911522313 0.6690807292513208 -1.479598915935441 0.9998425140952729 0.5036554343483839 -2.7097860157163742 1.0730243671504383 -0.725261749175977 -1.760446810671206 -1.3486141371638203 -2.2761084249341836 -2.78632795105541 -3.2584186579151817 0.168050277179421 0.7479889672643658 1.9823865212843774 0.9227906679014197 -1.5177782578049168 -0.07918959144987414 -0.39378232136887714 -0.4069643957880058 -1.8308754574286568 -1.328069258330072 -1.5966400532946463 0.4652887607941174 0.37869513919642506 -1.4972333789711687 -2.2095497713154204 -2.911487818146282 -0.49236466583692406 -0.5240698576008882 -0.4998586376520725 1.387111266299331 -1.1689991863862397 0.09446520016172144 0.4522802162141253
